version https://git-lfs.github.com/spec/v1
oid sha256:76dd22f7ad2a06411b699ecbb694feb4f22cfb0e6fc053c8f4e426ef97f89cc0
size 112210
